185 2 328 3
1 1 
0.951984 0.956471 
0.9 1 
1 0.1 
0.95638 0.0480479 
1 0 
1 0.9 
0.907944 0.925843 
0.858446 0.956041 
0.8 1 
1 0.2 
0.956174 0.141583 
0.9255 0.0922906 
0.9 0 
0.8 0 
1 0.5 
1 0.4 
1 0.3 
0.930428 0.255792 
1 0.8 
1 0.7 
1 0.6 
0.911403 0.844143 
0.825844 0.898167 
0.7 1 
0.733091 0.923576 
0.7 0 
0.899146 0.174411 
0.841213 0.0903235 
0.734126 0.0928003 
0.916903 0.544497 
0.920069 0.449562 
0.900726 0.346832 
0.852144 0.258887 
0.910244 0.745261 
0.911025 0.64377 
0.824372 0.795321 
0.745621 0.841577 
0.4 0 
0.6 0 
0.5 0 
0.6 1 
0.645988 0.929157 
0.68105 0.871625 
0.637994 0.0747532 
0.662838 0.135443 
0.788432 0.183777 
0.70835 0.167778 
0.824247 0.584996 
0.84579 0.4896 
0.856666 0.417838 
0.821138 0.32131 
0.824993 0.374046 
0.772789 0.274098 
0.814597 0.688267 
0.774769 0.63105 
0.738474 0.753939 
0.670852 0.805596 
0.741195 0.587746 
0.1 0 
0.0481182 0.0438546 
0 0 
0.3 0 
0.354013 0.0679694 
0.445139 0.0731168 
0.542592 0.0756061 
0 1 
0.5 1 
0.4 1 
0.552164 0.921694 
0.609723 0.856794 
0.588442 0.146469 
0.645214 0.198163 
0.711082 0.231843 
0.765027 0.511432 
0.791302 0.431373 
0.754733 0.355687 
0.708963 0.297208 
0.718899 0.663697 
0.593917 0.779486 
0.656531 0.728281 
0.687073 0.534418 
0.676819 0.602118 
0.2 0 
0.142033 0.0449106 
0.092552 0.0755459 
0 0.1 
0.390643 0.135469 
0.268146 0.0756595 
0.321085 0.124558 
0.484202 0.16078 
0.0438605 0.951877 
0 0.9 
0.3 1 
0.1 1 
0.2 1 
0.443004 0.911637 
0.352514 0.936035 
0.5148 0.830967 
0.429589 0.832606 
0.557917 0.237024 
0.642503 0.274464 
0.699935 0.442777 
0.663349 0.353721 
0.517177 0.290829 
0.629872 0.654482 
0.524858 0.741723 
0.587482 0.711147 
0.631954 0.493361 
0.606859 0.570888 
0 0.2 
0.175872 0.104476 
0.0897795 0.160676 
0.40581 0.201131 
0.335067 0.187067 
0.259039 0.158037 
0.459621 0.259324 
0.0755849 0.907419 
0.0449562 0.857938 
0 0.8 
0 0.3 
0.267169 0.909496 
0.16075 0.910142 
0.353521 0.857695 
0.287183 0.841611 
0.452002 0.769367 
0.469515 0.706326 
0.386647 0.790368 
0.568028 0.33309 
0.605118 0.42302 
0.482855 0.335787 
0.532832 0.650207 
0.559964 0.497416 
0.528994 0.564927 
0.0903346 0.267188 
0.180942 0.217988 
0.158051 0.286984 
0.360761 0.264871 
0.275262 0.240492 
0.409234 0.32768 
0.104689 0.824 
0 0.7 
0.0761528 0.731601 
0.0636821 0.352751 
0 0.4 
0 0.5 
0 0.6 
0.218418 0.818742 
0.311718 0.778314 
0.450492 0.657259 
0.389012 0.710448 
0.506305 0.420425 
0.43627 0.385543 
0.465492 0.592871 
0.479528 0.513091 
0.141774 0.353721 
0.22095 0.310668 
0.345051 0.334214 
0.297517 0.306722 
0.371506 0.388015 
0.158841 0.740527 
0.0691375 0.645366 
0.125767 0.678383 
0.0874093 0.443691 
0.0764511 0.552517 
0.241951 0.723809 
0.309381 0.700898 
0.396964 0.624161 
0.339149 0.6518 
0.41128 0.456762 
0.404635 0.546103 
0.16624 0.430597 
0.208806 0.386371 
0.287803 0.385124 
0.340317 0.439648 
0.188868 0.663984 
0.137892 0.608635 
0.165758 0.516908 
0.267996 0.636732 
0.334792 0.583687 
0.340483 0.504557 
0.229834 0.453117 
0.291649 0.463783 
0.203925 0.592875 
0.261627 0.53622 
5 6 14 
84 89 112 
39 63 64 
60 61 86 
60 85 86 
63 84 89 
114 117 138 
40 41 66 
40 45 66 
1 2 7 
67 92 95 
11 19 28 
18 19 33 
16 17 32 
16 31 32 
14 15 29 
13 14 29 
4 5 13 
11 18 19 
61 62 87 
54 77 78 
7 20 23 
10 24 26 
25 42 43 
7 8 23 
2 3 8 
10 25 26 
81 106 108 
68 69 97 
69 97 98 
95 96 123 
95 118 123 
92 93 118 
120 141 143 
120 142 143 
142 147 162 
60 61 62 
86 87 113 
179 184 185 
145 146 164 
144 145 164 
87 111 113 
4 5 6 
4 12 13 
67 92 93 
93 118 119 
1 2 3 
3 8 9 
21 22 36 
155 170 171 
74 78 102 
17 18 33 
134 154 155 
39 41 65 
171 180 181 
146 147 165 
61 86 87 
138 158 159 
92 95 118 
167 169 179 
2 7 8 
42 68 70 
5 13 14 
57 58 81 
166 167 179 
94 96 122 
138 139 159 
15 27 30 
79 81 106 
111 121 135 
101 105 117 
82 83 110 
21 35 36 
59 82 83 
115 138 139 
111 113 135 
52 53 77 
15 29 30 
166 176 179 
96 122 123 
20 21 35 
55 57 79 
29 30 47 
131 140 153 
122 123 148 
107 126 127 
113 135 136 
182 183 185 
20 23 35 
76 77 103 
126 128 151 
173 174 182 
72 73 101 
153 160 170 
82 103 109 
180 181 185 
69 94 98 
38 44 58 
27 40 45 
90 115 116 
121 144 145 
161 163 176 
28 34 47 
101 102 129 
141 148 161 
124 128 149 
112 116 136 
156 157 173 
105 129 131 
27 30 45 
132 150 154 
94 98 122 
170 175 181 
121 135 144 
36 49 55 
107 108 132 
23 35 37 
49 55 56 
37 38 57 
35 36 55 
135 137 156 
64 88 90 
24 37 38 
43 44 71 
122 124 125 
162 163 177 
30 46 48 
34 52 54 
50 51 76 
129 130 152 
110 132 134 
150 151 168 
117 131 140 
160 174 175 
55 56 79 
16 22 31 
34 47 54 
31 49 50 
58 71 80 
80 99 107 
116 136 139 
88 114 115 
148 161 166 
176 177 184 
56 59 79 
130 133 152 
47 48 74 
48 73 74 
136 137 157 
164 172 178 
125 148 149 
97 99 100 
35 37 55 
23 24 37 
91 114 117 
112 113 136 
178 184 185 
123 141 148 
73 74 102 
28 29 47 
22 31 36 
32 50 51 
65 66 91 
41 65 66 
70 97 99 
68 70 97 
164 165 178 
146 164 165 
43 70 71 
42 43 70 
162 165 177 
147 162 165 
64 65 88 
39 64 65 
157 159 174 
64 89 90 
89 112 116 
63 64 89 
19 28 34 
53 76 77 
149 151 167 
143 162 163 
141 143 161 
142 143 162 
24 26 38 
25 26 43 
57 79 81 
26 43 44 
13 28 29 
4 11 12 
118 123 141 
93 119 120 
8 23 24 
3 9 10 
86 112 113 
60 84 85 
66 72 91 
103 104 130 
109 130 133 
75 76 103 
31 36 49 
31 32 50 
37 55 57 
38 57 58 
97 100 124 
168 169 180 
156 164 172 
140 158 160 
80 107 108 
106 110 132 
17 32 33 
19 33 34 
127 150 151 
174 175 183 
110 133 134 
154 168 171 
99 107 126 
70 71 99 
178 182 185 
165 177 178 
91 101 117 
65 88 91 
49 50 75 
75 82 103 
33 52 53 
47 54 74 
148 149 166 
161 166 176 
136 139 157 
115 116 139 
107 127 132 
126 127 151 
170 171 181 
179 180 185 
152 153 170 
117 138 140 
129 131 152 
152 155 170 
181 183 185 
174 182 183 
82 109 110 
133 152 155 
114 115 138 
88 91 114 
176 179 184 
177 178 184 
58 80 81 
71 80 99 
45 46 72 
30 47 48 
124 125 149 
122 125 148 
104 129 130 
46 48 73 
137 156 157 
135 136 137 
144 156 164 
135 144 156 
72 91 101 
30 45 46 
97 98 124 
98 122 124 
100 124 128 
99 100 126 
156 172 173 
172 178 182 
49 59 75 
59 75 82 
88 90 115 
89 90 116 
163 176 177 
143 161 163 
26 38 44 
44 58 71 
32 33 51 
33 51 53 
84 85 112 
85 86 112 
11 12 28 
12 13 28 
9 10 24 
8 9 24 
119 120 141 
118 119 141 
105 117 131 
101 105 129 
50 75 76 
51 53 76 
54 74 78 
73 101 102 
77 103 104 
102 104 129 
83 106 110 
79 83 106 
151 168 169 
149 166 167 
158 160 174 
139 157 159 
103 109 130 
109 110 133 
154 155 171 
168 171 180 
140 153 160 
131 152 153 
49 56 59 
59 79 83 
157 173 174 
172 173 182 
128 149 151 
100 126 128 
33 34 52 
52 54 77 
169 179 180 
151 167 169 
150 154 168 
127 132 150 
160 170 175 
175 181 183 
138 140 158 
158 159 174 
46 72 73 
45 66 72 
106 108 132 
80 81 108 
132 134 154 
133 134 155 
78 102 104 
77 78 104 
0
5.72536
0
0
3.0133
0
0
7.33509
5.44342
0
0
3.29335
4.0713
0
0
0
0
0
4.15203
0
0
0
7.02211
7.75787
0
6.62643
0
4.83142
3.72646
3.72177
5.84576
5.47879
6.2384
4.4448
6.62199
6.21924
6.47862
6.34847
0
0
0
0
6.30029
5.43401
2.85145
2.79466
4.37582
3.06722
6.34184
5.34195
4.46121
3.99924
4.19724
4.18852
6.76289
4.21755
5.96943
5.90538
5.31599
0
0.27597
0
0
1.68841
2.07346
2.47322
0
0
0
5.89516
5.86562
2.94041
3.37448
3.77275
5.10626
4.89132
4.99791
3.52245
6.22167
5.4932
5.53899
4.88626
4.47639
0
0.560999
0.672675
0
2.10527
1.37578
1.56048
2.90328
2.98723
0
0
0
0
6.09566
4.50986
6.0555
4.41744
3.57816
3.66882
5.14285
4.06906
2.42442
5.13732
5.06596
4.54496
3.93882
5.29991
0
1.26228
1.00236
2.12507
2.08963
1.66935
3.23611
3.93206
2.70871
0
0
5.29498
4.28361
5.45032
3.38636
4.88514
4.11519
4.11935
4.0557
4.11293
3.27499
5.91491
4.22957
3.82861
1.60978
1.79651
1.33596
2.81654
2.06429
2.94824
4.17916
0
3.23106
1.458
0
0
0
4.66724
4.90501
3.8769
5.49697
4.17044
2.87654
4.2332
3.97034
2.23104
2.39384
2.37816
2.11584
3.03853
3.59751
2.85811
2.81459
2.39063
2.51612
3.863
3.53586
4.08425
3.46815
3.90622
3.80276
2.08973
2.0841
3.36582
2.73016
3.41146
2.9863
3.07259
4.07124
3.6738
3.38022
2.7326
2.6444
2.78895
3.5906
